<CoordinateSystem> { Z-up } 
  <Group> Circle {
    <Transform> {
      <Matrix4> {
        -0.25881901383399963 0.2499992400407791 0.9330129027366638 0.0 
        -4.00596832150768e-07 0.9659259915351868 -0.2588183581829071 0.0 
        -0.9659258127212524 -0.06698748469352722 -0.24999992549419403 0.0 
        0.0 0.0 0.0 1.0 
      }
    }
    
    <VertexPool> Circle {
    
      <Vertex> 0 {0.629320 0.201139 0.750666
      }
      <Vertex> 1 {0.052336 0.258463 0.964602
      }
      <Vertex> 2 {-0.544639 0.217062 0.810094
      }
      <Vertex> 3 {-0.933581 0.092751 0.346157
      }
      <Vertex> 4 {-0.965926 -0.066988 -0.250000
      }
      <Vertex> 5 {-0.629320 -0.201139 -0.750666
      }
      <Vertex> 6 {-0.052336 -0.258463 -0.964602
      }
      <Vertex> 7 {0.544639 -0.217062 -0.810094
      }
      <Vertex> 8 {0.933581 -0.092751 -0.346157
      }
      <Vertex> 9 {0.965926 0.066987 0.250000
      }}
    
    
    <Polygon> {
      <Normal> {0.000001 -0.965926 0.258818}
      <VertexRef> { 0 1 2 3 4 5 6 7 8 9 <Ref> { Circle }} 
    }
  }
